0 223 1010 12 10000000000
1 223 1010 12 10000000000
1744476266 222 1010 12 1000000
1744476267 224 1010 12 1000000
1744476268 223 1010 12 1000000
1744476269 223 1010 12 1000000
1744476270 223 1010 12 1000000
1744476271 223 1010 12 1000000
1744476272 332 1010 12 1000000
1744476273 654 1011 13 1000000
1744476274 teststring 1011 12 1000000
1744476275 242252 1011 10 1000000
1744476276 23354 ERROR 11 1000000
1744476277 null 1012 11 1000000
1744476278 3432 1013 12 1000000
1744476279 242 1014
1744476280 245 1014 12 1000000
1744476281 331 None 11 1000000
1744476282 None None 12 1000000
1744483466 223 1010 12 1000000
1744483467 332 1010 12 1000000
1744483468 654 1011 13 1000000
1744483469 teststring 1011 12 1000000
1744483470 242252 1011 10 1000000
1744483471 23354 ERROR 11 1000000
1744483472 null 1012 11 1000000
1744483473 3432 1013 12 1000000
1744483474 242 1014
1744483475 245 1014 12 1000000
1744483476 331 None 11 1000000
1744483477 None None 12 1000000
